Iext_e eps status lambda_0 lambda_1 lambda_2 lambda_3 numPositive
0.0 0.0 0     
0.0 1.0 0     
0.0 2.0 0     
0.0 3.0 0     
0.0 4.0 0     
0.0 5.0 0     
0.0 6.0 0     
0.0 7.0 0     
0.0 8.0 0     
0.0 9.0 0     
0.0 10.0 0     
0.0 11.0 0     
0.0 12.0 0     
0.0 13.0 0     
0.0 14.0 0     
0.0 15.0 0     
0.0 16.0 0     
0.0 17.0 0     
0.0 18.0 0     
0.0 19.0 0     
0.0 20.0 0     
0.0 21.0 0     
0.0 22.0 0     
0.0 23.0 0     
0.0 24.0 0     
0.0 25.0 0     
0.0 26.0 0     
0.0 27.0 0     
0.0 28.0 0     
0.0 29.0 0     
0.0 30.0 0     
1.0 0.0 0     
1.0 1.0 0     
1.0 2.0 0     
1.0 3.0 0     
1.0 4.0 0     
1.0 5.0 0     
1.0 6.0 0     
1.0 7.0 0     
1.0 8.0 0     
1.0 9.0 0     
1.0 10.0 0     
1.0 11.0 0     
1.0 12.0 0     
1.0 13.0 0     
1.0 14.0 0     
1.0 15.0 0     
1.0 16.0 0     
1.0 17.0 0     
1.0 18.0 0     
1.0 19.0 0     
1.0 20.0 0     
1.0 21.0 0     
1.0 22.0 0     
1.0 23.0 0     
1.0 24.0 0     
1.0 25.0 0     
1.0 26.0 0     
1.0 27.0 0     
1.0 28.0 0     
1.0 29.0 0     
1.0 30.0 0     
2.0 0.0 0     
2.0 1.0 0     
2.0 2.0 0     
2.0 3.0 0     
2.0 4.0 0     
2.0 5.0 0     
2.0 6.0 0     
2.0 7.0 0     
2.0 8.0 0     
2.0 9.0 0     
2.0 10.0 0     
2.0 11.0 0     
2.0 12.0 0     
2.0 13.0 0     
2.0 14.0 0     
2.0 15.0 0     
2.0 16.0 0     
2.0 17.0 0     
2.0 18.0 0     
2.0 19.0 0     
2.0 20.0 0     
2.0 21.0 0     
2.0 22.0 0     
2.0 23.0 0     
2.0 24.0 2 -1.982020270592789e-09 -0.16052506018132437 -0.0951527643708956 -0.11350567855803748 0.0
2.0 25.0 2 -9.540411698200712e-09 -0.14810454070672882 -0.13348304243439846 -0.14167451411176563 0.0
2.0 26.0 2 -1.8099169651124063e-08 -0.1360424328945987 -0.10389257492629807 -0.14759288350555366 0.0
2.0 27.0 2 1.8978206411719848e-08 -0.13258608814651346 -0.10300115146030422 -0.12598446808935085 1.0
2.0 28.0 2 -6.294114603998587e-08 -0.11372097263286432 -0.08716528446437576 -0.11575498340707922 0.0
2.0 29.0 2 1.9005225974713164e-08 -0.1142590449305942 -0.0941954558771582 -0.1134225266601446 1.0
2.0 30.0 2 3.308032961082487e-08 -0.11384947830834312 -0.07955926130491743 -0.09974600165902443 1.0
3.0 0.0 0     
3.0 1.0 0     
3.0 2.0 0     
3.0 3.0 0     
3.0 4.0 0     
3.0 5.0 0     
3.0 6.0 0     
3.0 7.0 0     
3.0 8.0 0     
3.0 9.0 0     
3.0 10.0 0     
3.0 11.0 0     
3.0 12.0 0     
3.0 13.0 0     
3.0 14.0 2 3.6325857897492355e-09 -0.11049753929912924 -0.06675315356018068 -0.08477876426469637 1.0
3.0 15.0 2 -1.94453679054899e-09 -0.13381769246910152 -0.07528065782047101 -0.09671628003554031 0.0
3.0 16.0 2 -4.041869922995388e-09 -0.155525941785674 -0.10580218921052764 -0.16281970573209234 0.0
3.0 17.0 2 -2.4906657663276473e-09 -0.14086009091603216 -0.12797592641467276 -0.15391212787775205 0.0
3.0 18.0 2 -2.8365750382090845e-08 -0.16195861615754498 -0.12312887087843478 -0.14031097868432774 0.0
3.0 19.0 2 -2.2717379336672842e-08 -0.1471793125642488 -0.09718750217289 -0.11657935152355628 0.0
3.0 20.0 2 2.7785376996041486e-08 -0.13205666730310384 -0.08699740232656465 -0.11112562512450275 1.0
3.0 21.0 2 3.160031676326e-08 -0.1812800315446156 -0.11776506592732111 -0.14996146800797053 1.0
3.0 22.0 2 -2.8317854930203184e-08 -0.13057014853956023 -0.07777844754434025 -0.09848107416667999 0.0
3.0 23.0 2 -2.665768348687146e-08 -0.12693701980324812 -0.11321263384587284 -0.10472550900608048 0.0
3.0 24.0 2 6.59352200654137e-08 -0.14798698784123362 -0.07563196864077186 -0.10115942202647564 1.0
3.0 25.0 2 -6.592562465066238e-08 -0.13530964004765625 -0.09261984947971288 -0.09304620403057903 0.0
3.0 26.0 2 8.828894521430515e-08 -0.13508310526366218 -0.10648589201188684 -0.09899213280624022 1.0
3.0 27.0 2 -1.165688894206913e-08 -0.13907510626214267 -0.09559509551152477 -0.12307831162068587 0.0
3.0 28.0 2 1.434942536458021e-07 -0.118340234606409 -0.07689016213422668 -0.10053486452712751 1.0
3.0 29.0 2 -2.697829000184946e-07 -0.11139438849096636 -0.060423631323787134 -0.09145927684131755 0.0
3.0 30.0 2 -2.8604201781732644e-07 -0.09026978088518753 -0.07220211683054586 -0.08044889093088789 0.0
4.0 0.0 0     
4.0 1.0 0     
4.0 2.0 0     
4.0 3.0 0     
4.0 4.0 0     
4.0 5.0 0     
4.0 6.0 0     
4.0 7.0 0     
4.0 8.0 2 -2.6020411649480323e-09 -0.07363898484631157 -0.0609681381928069 -0.06410738318386351 0.0
4.0 9.0 2 6.602613927246767e-10 -0.08879856645670349 -0.07602933665510024 -0.0778947281920888 1.0
4.0 10.0 2 -2.4111866102065936e-08 -0.1005643435079543 -0.07302283163452336 -0.08054216002357954 0.0
4.0 11.0 2 -1.7841719097239056e-08 -0.11954766630440397 -0.06745900746302942 -0.0832951536773738 0.0
4.0 12.0 2 3.193147540225325e-08 -0.10697990858788342 -0.11420181090907028 -0.11864090281248692 1.0
4.0 13.0 2 3.8370217595946566e-08 -0.09524824583975093 -0.07661909489617517 -0.08392583423580792 1.0
4.0 14.0 2 1.982749928115347e-08 -0.0992326530379989 -0.07112520626605202 -0.08222580842383792 1.0
4.0 15.0 2 5.033086507392008e-10 -0.10835210669418419 -0.07407906032849938 -0.08701466091691902 1.0
4.0 16.0 2 -2.216558153272425e-08 -0.12563553201375452 -0.08295217379554568 -0.09709434947117723 0.0
4.0 17.0 2 -2.8297857270925732e-08 -0.16318116111453693 -0.1157560127440725 -0.13345667758259333 0.0
4.0 18.0 2 -4.5386823394462604e-09 -0.10305880336530174 -0.08206734659444 -0.09470564123301373 0.0
4.0 19.0 2 5.957277626324511e-08 -0.12555026136574846 -0.07176303241061259 -0.09771911332195671 1.0
4.0 20.0 2 -2.3956536138547795e-08 -0.12264636521635171 -0.07885625092247449 -0.09957640272116683 0.0
4.0 21.0 2 -8.955970457012557e-08 -0.14630926597761343 -0.08147525054100882 -0.10418676044620784 0.0
4.0 22.0 2 5.234562849215279e-09 -0.12570307910359868 -0.045399787625585004 -0.07982000635822335 1.0
4.0 23.0 2 1.7059880149681025e-08 -0.11714154540248498 -0.05662541958963412 -0.07838125748906745 1.0
4.0 24.0 2 -8.692578875117633e-08 -0.1803979289356935 -0.08266309740668717 -0.13836593645329304 0.0
4.0 25.0 2 3.088271528397966e-08 -0.13353611349660893 -0.04001359754037755 -0.05965691134981346 1.0
4.0 26.0 2 -5.7415272820748035e-08 -0.18961529243210812 -0.06022625080324249 -0.07911764400295296 0.0
4.0 27.0 2 -6.595988299620851e-07 -0.08867497121928354 -0.05539822241208107 -0.06202857380960615 0.0
4.0 28.0 2 -1.7065688335022898e-07 -0.0958550372040565 -0.10200275621565166 -0.09659289428944845 0.0
4.0 29.0 2 -1.1189500356160632e-07 -0.0996704897465465 -0.06167820612524888 -0.1007239919326409 0.0
4.0 30.0 2 -1.3485146976631287e-06 -0.062254738141572646 -0.0610878800756341 -0.08025802133878826 0.0
5.0 0.0 0     
5.0 1.0 0     
5.0 2.0 0     
5.0 3.0 2 -6.438495317301236e-10 -0.042376116051484225 -0.03350055057412202 -0.037608776640701905 0.0
5.0 4.0 2 2.9332851230579917e-09 -0.0794444221570576 -0.05492835508994473 -0.07418001042151294 1.0
5.0 5.0 2 1.7075084434839904e-08 -0.10089990624453948 -0.06175390100537027 -0.09533885943713984 1.0
5.0 6.0 2 2.4280917141028568e-08 -0.1102992701965854 -0.07618749413823979 -0.10438471618069929 1.0
5.0 7.0 2 2.1121994129234835e-08 -0.09364422276263326 -0.10239470130423686 -0.10703990287857859 1.0
5.0 8.0 2 3.0402563085739786e-08 -0.07450264531892316 -0.08357332556582381 -0.0729964813842018 1.0
5.0 9.0 2 6.974906938387562e-08 -0.06087906573882342 -0.04905371638556938 -0.052275981930200575 1.0
5.0 10.0 2 7.406969287710805e-08 -0.051021259725981816 -0.0301618204764065 -0.037857500652174046 1.0
5.0 11.0 2 8.761880374663659e-08 -0.05458013274676408 -0.025302664321188478 -0.036420150287081496 1.0
5.0 12.0 2 -4.2144856396580943e-08 -0.11149544882661667 -0.07677476768834061 -0.10079201945670932 0.0
5.0 13.0 2 -7.931751342764506e-08 -0.07411176012942469 -0.053629897655493496 -0.061610903423986216 0.0
5.0 14.0 2 -5.353970720661856e-08 -0.07853144462960335 -0.05019658478695965 -0.06120043407850776 0.0
5.0 15.0 2 -2.0557161527523347e-08 -0.09008764770567079 -0.055967764421011604 -0.06862655120686696 0.0
5.0 16.0 2 4.502970744961665e-08 -0.11333157065076052 -0.0674264060444061 -0.08175483322606086 1.0
5.0 17.0 2 1.0106010048209858e-07 -0.10841956982728324 -0.14291155121166477 -0.12840990890294093 1.0
5.0 18.0 2 -1.4889339198799355e-07 -0.15063239811569762 -0.07182418779977263 -0.12032031797925224 0.0
5.0 19.0 2 -5.4819979836976006e-08 -0.10478825128475101 -0.07121016583591805 -0.08657839907798376 0.0
5.0 20.0 2 1.0417515526134861e-08 -0.142503353544847 -0.10208718423860767 -0.1414316048836433 1.0
5.0 21.0 2 -1.4541344309340187e-07 -0.10763550705166924 -0.03274032767631149 -0.06522645446740978 0.0
5.0 22.0 2 -2.2010938555250664e-07 -0.10645052296902853 -0.048081460113550835 -0.06858362679190809 0.0
5.0 23.0 2 -1.0234137859960913e-07 -0.14410145987042833 -0.0623975660366833 -0.09740801472550925 0.0
5.0 24.0 2 -1.3146326839842017e-07 -0.10739210276763064 -0.03426330191325596 -0.04916361218845801 0.0
5.0 25.0 2 -1.5990272160282826e-07 -0.12958033481154654 -0.04571964476348832 -0.06344455935503052 0.0
5.0 26.0 2 -1.529434415461006e-07 -0.11184827997647097 -0.08323413235099267 -0.06773226685834718 0.0
5.0 27.0 2 -1.831522414117341e-07 -0.09602859525969291 -0.05923989538744966 -0.06960720760199204 0.0
5.0 28.0 2 -1.1600919063260082e-07 -0.11766559699962433 -0.04710454376560887 -0.07729288753598662 0.0
5.0 29.0 2 4.6251340300537524e-08 -0.07551267401892099 -0.04947826736525274 -0.05104217549314802 1.0
5.0 30.0 0     
6.0 0.0 2 2.723002626344131e-08 2.723002626344131e-08 2.723002626344131e-08 2.723002626344131e-08 4.0
6.0 1.0 2 -8.161215387661059e-11 -0.014018079370679807 -0.009749848850751563 -0.01172435788395205 0.0
6.0 2.0 2 1.046196583466453e-08 -0.0322396483499506 -0.021974501923865377 -0.026650648849858693 1.0
6.0 3.0 2 3.292761712250242e-08 -0.047773826065258304 -0.03167619451688046 -0.03886337385510854 1.0
6.0 4.0 2 3.7748166823929556e-08 -0.06528290878208011 -0.04140608910646588 -0.051675894878480025 1.0
6.0 5.0 2 3.7528018638120115e-08 -0.09858908181760935 -0.05344013724129112 -0.06923817934387524 1.0
6.0 6.0 2 4.788494014286086e-08 -0.11228677037657056 -0.07482193833347207 -0.10688717948089162 1.0
6.0 7.0 2 6.98297466485181e-08 -0.11012000452183786 -0.09960726267609647 -0.10392428658610531 1.0
6.0 8.0 2 8.21434057918001e-08 -0.06980310723476288 -0.09219342200567489 -0.07296329485830146 1.0
6.0 9.0 2 1.4694243135442778e-07 -0.04651524971425722 -0.037748449360944736 -0.03940412390993888 1.0
6.0 10.0 2 2.4216580960612364e-07 -0.027707397635299908 -0.00802613116649421 -0.015169455328897396 1.0
6.0 11.0 2 3.9245716758956394e-07 -0.024208391358389814 0.004781062214073746 -0.006391152457268579 2.0
6.0 12.0 2 -7.698726904418491e-08 -0.09266492286187941 -0.07419808274726722 -0.0812948595179975 0.0
6.0 13.0 2 -1.1927310637692378e-07 -0.056385963632966093 -0.03348769817113219 -0.04216270523965826 0.0
6.0 14.0 2 -2.442870092594369e-09 -0.06600617747384718 -0.03615878406408147 -0.04735393077663089 0.0
6.0 15.0 2 8.357354022618484e-08 -0.08294804794591558 -0.044520152188266694 -0.05761945262199331 1.0
6.0 16.0 2 3.7171694736427243e-07 -0.11325746117467808 -0.06221059452454833 -0.10582694128175728 1.0
6.0 17.0 2 -3.7186481638558893e-07 -0.09529543151657102 -0.08770990019032993 -0.09026801905432716 0.0
6.0 18.0 2 -6.4638443900747e-08 -0.08924591973960111 -0.06487586435031256 -0.07553175998314422 0.0
6.0 19.0 2 1.1322137126430979e-07 -0.10803778518712744 -0.11312564700315889 -0.10189455321745261 1.0
6.0 20.0 2 2.475063664138819e-07 -0.1308386204126182 -0.03696194527044643 -0.07547451311140811 1.0
6.0 21.0 2 -6.653019831260367e-07 -0.11156491480857453 -0.05508831777457925 -0.0685936718344264 0.0
6.0 22.0 2 -4.48644756903608e-08 -0.1237979617053426 -0.05159688712317432 -0.0829592419768494 0.0
6.0 23.0 2 -1.4653103992428668e-07 -0.11124453730183262 -0.045714708103286934 -0.05488254556628436 0.0
6.0 24.0 2 -2.5476235745935286e-07 -0.10830542287741811 -0.03523526204311287 -0.05138693292310231 0.0
6.0 25.0 2 -1.9879907675387058e-08 -0.12446722855031744 -0.08316478977751685 -0.09624770355127452 0.0
6.0 26.0 2 -1.236604183334871e-07 -0.10018997303189948 -0.04646580350968779 -0.05524964761914981 0.0
6.0 27.0 2 -1.8423416828794274e-07 -0.1046317396172682 -0.04102992040126367 -0.07211705570509164 0.0
6.0 28.0 0     
6.0 29.0 0     
6.0 30.0 0     
7.0 0.0 2 8.625946686402254e-09 8.625946686402254e-09 8.625946686402254e-09 8.625946686402254e-09 4.0
7.0 1.0 2 2.4111518779195603e-08 -0.014703711204588892 -0.010421602163756984 -0.012421623300607332 1.0
7.0 2.0 2 3.4541410460565254e-08 -0.02888835411356027 -0.02000738641675961 -0.02409944010759854 1.0
7.0 3.0 2 3.12420452768519e-08 -0.04339610952118545 -0.029203826868543958 -0.03562613970258619 1.0
7.0 4.0 2 2.2692460818927834e-10 -0.06054281465687051 -0.03893525819648166 -0.048397976693606265 1.0
7.0 5.0 2 7.301334300665963e-08 -0.09050077516086033 -0.051026704441611184 -0.06597366768533987 1.0
7.0 6.0 2 2.3548807000357497e-08 -0.10918696865780773 -0.07315449399101252 -0.10357040223999094 1.0
7.0 7.0 2 6.840499147099506e-08 -0.10382759697807804 -0.09284781104802893 -0.0972919657857128 1.0
7.0 8.0 2 1.0657923259818188e-07 -0.08158409267738932 -0.08092028977601248 -0.08585247463592303 1.0
7.0 9.0 2 1.7300696446508396e-07 -0.037273160755298476 -0.03758658544241651 -0.03335185470449472 1.0
7.0 10.0 2 2.7148785944306453e-07 -0.0061165644298788934 0.012878912182304351 0.006447487766602923 3.0
7.0 11.0 2 1.3402319280839112e-06 -0.0058028861414129345 0.029968346289094748 0.016481944083165275 3.0
7.0 12.0 2 -1.4502469077392064e-07 -0.048446682747464366 -0.05858220916308509 -0.04939989102175791 0.0
7.0 13.0 2 -5.950617222480653e-08 -0.041470083060335644 -0.01633934489764555 -0.025572488749774934 0.0
7.0 14.0 2 1.2510465918938245e-07 -0.05748418915048585 -0.02382377351199785 -0.03534987662512514 1.0
7.0 15.0 2 4.991153376693215e-07 -0.08854470323111119 -0.03195901285953048 -0.05746338112412772 1.0
7.0 16.0 2 -4.2811249651336913e-07 -0.06390580914835689 -0.09377624718006575 -0.052661670855756966 0.0
7.0 17.0 2 -1.3042127715563463e-07 -0.07314666498757565 -0.057907333452561834 -0.06396409875635543 0.0
7.0 18.0 2 1.3255485458965488e-07 -0.08487687018233676 -0.08003186411514036 -0.07744300076739181 1.0
7.0 19.0 2 4.2975884609785586e-07 -0.12267347566921295 -0.04851701473066766 -0.10421714263718918 1.0
7.0 20.0 2 -1.2222957173775357e-06 -0.10664038225963532 -0.07776468326734422 -0.10250318774205885 0.0
7.0 21.0 2 -5.8825419253583946e-08 -0.11308584057524693 -0.04329146826116195 -0.07464193579557733 0.0
7.0 22.0 2 2.2068498422961405e-07 -0.12405685785658954 -0.06274511949562175 -0.05942074749935401 1.0
7.0 23.0 2 -4.172789667473195e-07 -0.09271663542498504 -0.026728735778984485 -0.0406107675535247 0.0
7.0 24.0 2 1.7131854423746946e-07 -0.11067390760012288 -0.052155977560763615 -0.08211309666255555 1.0
7.0 25.0 2 -8.294842760858373e-08 -0.10628060089247415 -0.037303698328237295 -0.042510339535343424 0.0
7.0 26.0 2 3.4871978098127985e-07 -0.07413750703973294 -0.057331655879739776 -0.06110556650908727 1.0
7.0 27.0 0     
7.0 28.0 0     
7.0 29.0 0     
7.0 30.0 0     
8.0 0.0 2 2.112926193509681e-08 2.112926193509681e-08 2.112926193509681e-08 2.112926193509681e-08 4.0
8.0 1.0 2 1.360252739025543e-08 -0.013753724381020118 -0.009762371472854548 -0.01162838012620136 1.0
8.0 2.0 2 2.6856016782813454e-08 -0.027103441381003523 -0.018761277071732002 -0.022606813687071316 1.0
8.0 3.0 2 5.350115014413803e-08 -0.040992094811839894 -0.02743686921427576 -0.03356392345150664 1.0
8.0 4.0 2 3.063047231603845e-08 -0.057637088480038935 -0.0365260859305099 -0.045732333645165484 1.0
8.0 5.0 2 -3.775166465866234e-09 -0.08838940752975666 -0.04775088745364698 -0.06275895202643558 0.0
8.0 6.0 2 1.1667246222668473e-08 -0.10317781290375075 -0.06956058345832962 -0.09730732346067422 1.0
8.0 7.0 2 9.067765821359978e-08 -0.09454429569088509 -0.08318016080934523 -0.08772320792593355 1.0
8.0 8.0 2 1.208824826494215e-07 -0.0791824766186755 -0.0662076138484907 -0.07125533794774071 1.0
8.0 9.0 2 1.906825213018537e-07 -0.028374897186213534 -0.03979626224418611 -0.045645940293322924 1.0
8.0 10.0 2 1.9783275490782633e-07 0.020042629180241057 0.03808306093756262 0.032669273488911174 4.0
8.0 11.0 2 3.1434915827847818e-06 -0.013027956231054431 0.034306811315154145 -0.0011389242605460825 2.0
8.0 12.0 2 -2.49492967166543e-07 -0.011239993386657925 0.003982884300820235 -0.0001067388630989554 1.0
8.0 13.0 2 -5.0617668778185246e-08 -0.029421569094250453 -0.0006530571113263231 -0.009711521633072085 0.0
8.0 14.0 2 4.806722792265054e-07 -0.05962800869805744 -0.005656945640614162 -0.025385751721189818 1.0
8.0 15.0 2 -9.954702981565479e-07 -0.007574122487254185 -0.034338963160002595 -0.028101850685753646 0.0
8.0 16.0 2 -1.516202143981754e-07 -0.055076458475435484 -0.049273742032174314 -0.050980682400747566 0.0
8.0 17.0 2 1.6993008903126205e-07 -0.06293995613534181 -0.0600251049862253 -0.05812780480469086 1.0
8.0 18.0 2 5.072521116320656e-07 -0.09232455216479492 -0.0636102245551672 -0.07526835475044924 1.0
8.0 19.0 2 -7.649301565419181e-07 -0.07566637206129044 -0.021358773958474835 -0.09472065118029271 0.0
8.0 20.0 2 -5.61735894001932e-08 -0.10834211865115993 -0.03610162629306767 -0.06981774991040421 0.0
8.0 21.0 2 4.7640948620072087e-07 -0.09866391612598514 -0.07271044953463854 -0.05506639017718874 1.0
8.0 22.0 2 -5.25855793272531e-07 -0.08198479705080187 -0.015196258532010435 -0.027934090827658267 0.0
8.0 23.0 2 5.093015300449516e-07 -0.0723253783537468 -0.048535362548166504 -0.052143160702588134 1.0
8.0 24.0 2 1.5950348989015992e-06 -0.05374307530527314 -0.03673147714426307 -0.026162776418459065 1.0
8.0 25.0 0     
8.0 26.0 0     
8.0 27.0 0     
8.0 28.0 0     
8.0 29.0 0     
8.0 30.0 0     
9.0 0.0 2 5.0372196931869424e-08 5.0372196931869424e-08 5.0372196931869424e-08 5.0372196931869424e-08 4.0
9.0 1.0 2 5.0652433846552585e-08 -0.012932753329421637 -0.009156840370967438 -0.010920075862760304 1.0
9.0 2.0 2 1.2542403113221819e-08 -0.025507751954959176 -0.01750978766126484 -0.021183150058072846 1.0
9.0 3.0 2 -3.665526632570707e-08 -0.038685217317214 -0.025398258021753786 -0.031355867490824876 0.0
9.0 4.0 2 -3.480166922278504e-08 -0.05494994236520887 -0.03346028844288487 -0.04267422444196206 0.0
9.0 5.0 2 -1.3666440628435425e-08 -0.09378296483256784 -0.04344706622407103 -0.05935631649687626 0.0
9.0 6.0 2 -5.516181318036543e-08 -0.09492475563678121 -0.0660089769251108 -0.08891194921216841 0.0
9.0 7.0 2 1.5756497591191613e-07 -0.08284970976416592 -0.07135639946486189 -0.07589080113038198 1.0
9.0 8.0 2 1.4814256105178775e-07 -0.06202714538152244 -0.0487526578857714 -0.05383507248190026 1.0
9.0 9.0 2 6.960227733275699e-08 -0.028900544506849552 -0.013196157833278377 -0.01907229334147093 1.0
9.0 10.0 1     
9.0 11.0 1     
9.0 12.0 2 -1.0045045903589131e-07 0.007175843201139385 0.023921733655064222 0.02191120740083631 3.0
9.0 13.0 1     
9.0 14.0 1     
9.0 15.0 2 -9.324322396704022e-08 -0.03330625084749741 -0.04007444066048549 -0.03782242688240464 0.0
9.0 16.0 2 2.6325435179026987e-07 -0.038959910965934555 -0.04450919539090329 -0.039988992501931754 1.0
9.0 17.0 2 6.710661702739716e-07 -0.06009716203465007 -0.07027758996454082 -0.046797945722583466 1.0
9.0 18.0 2 4.756118733628443e-07 -0.04034861205542215 -0.005300638965922377 -0.07243480925774164 1.0
9.0 19.0 2 -1.7245417175941636e-07 -0.0896959571099636 -0.028060050461579583 -0.06797804872012612 0.0
9.0 20.0 2 4.90236112462565e-07 -0.05662962174025885 -0.04700206372929811 -0.03946173354095139 1.0
9.0 21.0 2 -1.7248280896628136e-06 -0.04533376873788092 -0.012550326130907277 -0.0020882784925554078 0.0
9.0 22.0 0     
9.0 23.0 0     
9.0 24.0 0     
9.0 25.0 0     
9.0 26.0 0     
9.0 27.0 0     
9.0 28.0 0     
9.0 29.0 0     
9.0 30.0 0     
10.0 0.0 2 1.0747256354492181e-07 1.0747256354492181e-07 1.0747256354492181e-07 1.0747256354492181e-07 4.0
10.0 1.0 2 1.4700080891398564e-08 -0.01204621797183477 -0.008475639506770693 -0.01013796842786017 1.0
10.0 2.0 2 7.501975257218237e-09 -0.0237490431240672 -0.016018604895567116 -0.019542351375091107 1.0
10.0 3.0 2 -3.309044941080952e-08 -0.036199304216594896 -0.02289440551494827 -0.028773879981013287 0.0
10.0 4.0 2 -8.780672740604744e-08 -0.05262772531140578 -0.029748169107674347 -0.03927064072310422 0.0
10.0 5.0 2 7.141824311812848e-09 -0.09325728240237637 -0.03870164427864461 -0.056839748248352126 1.0
10.0 6.0 2 -9.41828055086045e-08 -0.08546944448828406 -0.07261958991594249 -0.07947454278954268 0.0
10.0 7.0 2 1.5054233444592591e-07 -0.06998424035878756 -0.05852404336939402 -0.06295867894227364 1.0
10.0 8.0 2 2.1225114972831498e-07 -0.043249383655099644 -0.029553619970983887 -0.03464875403458732 1.0
10.0 9.0 2 -8.011846111716207e-07 -0.0008607470278981223 0.013555251575808974 0.008307032593714628 2.0
10.0 10.0 1     
10.0 11.0 1     
10.0 12.0 1     
10.0 13.0 1     
10.0 14.0 1     
10.0 15.0 2 3.0480031957234315e-07 -0.011447655774895859 -0.07781180522306722 -0.03913815588529831 1.0
10.0 16.0 2 1.1834179503556432e-07 -0.015516489362560953 -0.04959402787568557 -0.03851269697372693 1.0
10.0 17.0 2 6.974912504871545e-08 -0.009736244489621442 0.002803395813455377 -0.024226631320618378 2.0
10.0 18.0 2 -6.906366091977326e-08 -0.0012022035777933505 -0.00430258512387094 -0.00047984915136045376 0.0
10.0 19.0 2 1.9309372064060004e-08 0.013737868497023855 -0.024705956595538866 -0.003972429879937629 2.0
10.0 20.0 0     
10.0 21.0 0     
10.0 22.0 0     
10.0 23.0 0     
10.0 24.0 0     
10.0 25.0 0     
10.0 26.0 0     
10.0 27.0 0     
10.0 28.0 0     
10.0 29.0 0     
10.0 30.0 0     
11.0 0.0 2 5.0002274396297673e-08 5.0002274396297673e-08 5.0002274396297673e-08 5.0002274396297673e-08 4.0
11.0 1.0 2 -4.7358544419854255e-08 -0.011024449262887358 -0.007665898706055153 -0.009221203490915222 0.0
11.0 2.0 2 -3.977053479441175e-08 -0.021795801251313123 -0.01424812727878803 -0.017647440548212455 0.0
11.0 3.0 2 -5.400587995669872e-08 -0.033746568726286494 -0.020021790643707592 -0.025959046474497184 0.0
11.0 4.0 2 -5.5874040106789435e-08 -0.051771399780198846 -0.025862920613965158 -0.03615936416253891 0.0
11.0 5.0 2 -8.699989816800954e-08 -0.08578755851501152 -0.0349573251581417 -0.058359187845343954 0.0
11.0 6.0 2 3.484711563638808e-08 -0.07618559183957986 -0.06642550900764421 -0.07027330884344807 1.0
11.0 7.0 2 1.6461062704783644e-07 -0.05721256874437838 -0.045455868778528426 -0.049856336268546735 1.0
11.0 8.0 2 1.0661341890885613e-07 -0.022353729587120504 -0.008792504872713897 -0.013657195378993597 1.0
11.0 9.0 2 -1.058224199679109e-06 0.022375164772722927 0.03301472868181519 0.029400890823060168 3.0
11.0 10.0 1     
11.0 11.0 1     
11.0 12.0 1     
11.0 13.0 1     
11.0 14.0 2 -7.66815840213258e-08 0.007751276682776538 -0.0018338597777431118 0.0016728394195084698 2.0
11.0 15.0 2 -8.790925311819939e-08 0.006078106958219015 -0.018805717915147464 -0.004334631674305068 1.0
11.0 16.0 2 2.811119098407162e-09 0.008239217756601365 -0.01799415765632456 -0.007704733350314389 2.0
11.0 17.0 0     
11.0 18.0 0     
11.0 19.0 0     
11.0 20.0 0     
11.0 21.0 0     
11.0 22.0 0     
11.0 23.0 0     
11.0 24.0 0     
11.0 25.0 0     
11.0 26.0 0     
11.0 27.0 0     
11.0 28.0 0     
11.0 29.0 0     
11.0 30.0 0     
12.0 0.0 2 1.1811722951754468e-07 1.1811722951754468e-07 1.1811722951754468e-07 1.1811722951754468e-07 4.0
12.0 1.0 2 -4.059587579497836e-08 -0.009887150730928426 -0.00673418070282224 -0.008181777978760562 0.0
12.0 2.0 2 -5.104788516043418e-08 -0.019838834241424713 -0.012306723218089238 -0.01564193213804756 0.0
12.0 3.0 2 -8.657803445599221e-08 -0.03198165126448473 -0.01716874400421239 -0.02340148310104502 0.0
12.0 4.0 2 -1.7967091455430556e-07 -0.05494241142108033 -0.02277798948562752 -0.03460761743816338 0.0
12.0 5.0 2 -5.503243673457143e-08 -0.0796854203048692 -0.034414556152902856 -0.07477015438167743 0.0
12.0 6.0 2 2.2649724521402796e-09 -0.06834546261130998 -0.05840592695303381 -0.06220188322304907 1.0
12.0 7.0 2 1.3652330316591705e-07 -0.04433681127421356 -0.03177598582486641 -0.036276572869189304 1.0
12.0 8.0 2 -2.605235513655745e-07 0.001385290631843051 0.012648661752000032 0.008785512867973851 3.0
12.0 9.0 2 -8.74830190455491e-08 0.03375069277777939 0.039014978365382924 0.03778988940817905 3.0
12.0 10.0 2 9.65037621693084e-09 0.03338623954975561 0.034060102907625976 0.03493276140167428 4.0
12.0 11.0 2 5.098507205313174e-08 0.02639621683126746 0.02414764786209967 0.026409773106053695 4.0
12.0 12.0 2 3.230223768412119e-08 0.018515626864938035 0.009895761212144175 0.015156261573220586 4.0
12.0 13.0 2 -5.992893802345935e-08 0.01181955543221699 -0.005876370824551289 0.0035249386842806487 2.0
12.0 14.0 0     
12.0 15.0 0     
12.0 16.0 0     
12.0 17.0 0     
12.0 18.0 0     
12.0 19.0 0     
12.0 20.0 0     
12.0 21.0 0     
12.0 22.0 0     
12.0 23.0 0     
12.0 24.0 0     
12.0 25.0 0     
12.0 26.0 0     
12.0 27.0 0     
12.0 28.0 0     
12.0 29.0 0     
12.0 30.0 0     
13.0 0.0 2 3.041067266260365e-08 3.041067266260365e-08 3.041067266260365e-08 3.041067266260365e-08 4.0
13.0 1.0 2 -7.145957037513936e-08 -0.008764987152204641 -0.0057648254753310145 -0.007124919233847493 0.0
13.0 2.0 2 -1.0538389357355156e-07 -0.018346528967575586 -0.010502896318633777 -0.01390379580065995 0.0
13.0 3.0 2 -5.750431238179301e-08 -0.03205344938971999 -0.015065870450312045 -0.021980788592981852 0.0
13.0 4.0 2 6.535927825487335e-08 -0.07102935703214862 -0.021765838153590598 -0.036288460293068564 1.0
13.0 5.0 2 -5.5477345741998925e-08 -0.07624441065563478 -0.03924334285597139 -0.07107036638736967 0.0
13.0 6.0 2 1.0156476804936507e-07 -0.06212132752813272 -0.050865471172682426 -0.05495816639237662 1.0
13.0 7.0 2 1.6225935753324204e-07 -0.0290675611352604 -0.016550610137535927 -0.0208922840309846 1.0
13.0 8.0 2 -3.4006379660588293e-07 0.022846368080025922 0.029667302850277927 0.02768234309688799 3.0
13.0 9.0 2 -7.351039973836354e-08 0.03416206285268866 0.03306163945252113 0.034681534984058675 3.0
13.0 10.0 2 -8.334120759196777e-08 0.02613573915082087 0.018623056967636005 0.023096410852582808 3.0
13.0 11.0 2 1.3816525826971992e-08 0.018118066795435425 0.004259983697108045 0.011614244188515251 4.0
13.0 12.0 0     
13.0 13.0 0     
13.0 14.0 0     
13.0 15.0 0     
13.0 16.0 0     
13.0 17.0 0     
13.0 18.0 0     
13.0 19.0 0     
13.0 20.0 0     
13.0 21.0 0     
13.0 22.0 0     
13.0 23.0 0     
13.0 24.0 0     
13.0 25.0 0     
13.0 26.0 0     
13.0 27.0 0     
13.0 28.0 0     
13.0 29.0 0     
13.0 30.0 0     
14.0 0.0 2 5.4898417772500805e-09 5.4898417772500805e-09 5.4898417772500805e-09 5.4898417772500805e-09 4.0
14.0 1.0 2 -6.409075849799248e-08 -0.00797215234775075 -0.004978136624375874 -0.0063143745556530064 0.0
14.0 2.0 2 -2.182053694827201e-07 -0.018111260709112013 -0.009404655948282312 -0.01309982739946379 0.0
14.0 3.0 2 -1.460801779768131e-07 -0.035276529624565255 -0.014623760393872368 -0.022729807030503667 0.0
14.0 4.0 2 -1.1872727961671605e-07 -0.08073394630046678 -0.02352384692918198 -0.042041444140319455 0.0
14.0 5.0 2 9.01648733544568e-08 -0.07573482940992052 -0.05167897154289403 -0.06932576758522613 1.0
14.0 6.0 2 2.1050087641492302e-07 -0.05548336650521258 -0.042480387209585684 -0.047012713298317216 1.0
14.0 7.0 2 2.0832403487987773e-07 -0.01018838700198666 0.000262625672556635 -0.003262701745451185 2.0
14.0 8.0 2 -1.429684317881221e-07 0.03344402865882565 0.03459828959088869 0.03509043282590545 3.0
14.0 9.0 2 -1.462738810487766e-07 0.028224088790535506 0.02087107879611896 0.025120027474662427 3.0
14.0 10.0 0     
14.0 11.0 0     
14.0 12.0 0     
14.0 13.0 0     
14.0 14.0 0     
14.0 15.0 0     
14.0 16.0 0     
14.0 17.0 0     
14.0 18.0 0     
14.0 19.0 0     
14.0 20.0 0     
14.0 21.0 0     
14.0 22.0 0     
14.0 23.0 0     
14.0 24.0 0     
14.0 25.0 0     
14.0 26.0 0     
14.0 27.0 0     
14.0 28.0 0     
14.0 29.0 0     
14.0 30.0 0     
15.0 0.0 2 1.229241887912571e-07 1.229241887912571e-07 1.229241887912571e-07 1.229241887912571e-07 4.0
15.0 1.0 2 -1.9819418372512533e-07 -0.008043373134619603 -0.004774433733314691 -0.0062143205690092206 0.0
15.0 2.0 2 -1.9633260775005365e-07 -0.019927199447801802 -0.009678000211577303 -0.01395912307442978 0.0
15.0 3.0 2 -7.217529849812077e-08 -0.04149307050152006 -0.016221934219839182 -0.02585790564952423 0.0
15.0 4.0 2 5.9634271903203e-08 -0.086111816767982 -0.026981420703926715 -0.04937525492860686 1.0
15.0 5.0 2 1.9330235624594341e-07 -0.07588977864803019 -0.06270029559141618 -0.06735626403012204 1.0
15.0 6.0 2 1.3457373930853157e-07 -0.045722759852841105 -0.03259756817047343 -0.03715559953322192 1.0
15.0 7.0 2 -4.132461565281845e-08 0.010436795789715167 0.017247308757420875 0.015179250202590993 3.0
15.0 8.0 2 -1.932299129175869e-07 0.0320669135175418 0.027317927432660042 0.03032186199356366 3.0
15.0 9.0 0     
15.0 10.0 0     
15.0 11.0 0     
15.0 12.0 0     
15.0 13.0 0     
15.0 14.0 0     
15.0 15.0 0     
15.0 16.0 0     
15.0 17.0 0     
15.0 18.0 0     
15.0 19.0 0     
15.0 20.0 0     
15.0 21.0 0     
15.0 22.0 0     
15.0 23.0 0     
15.0 24.0 0     
15.0 25.0 0     
15.0 26.0 0     
15.0 27.0 0     
15.0 28.0 0     
15.0 29.0 0     
15.0 30.0 0     
16.0 0.0 2 3.3885071607485597e-09 3.3885071607485597e-09 3.3885071607485597e-09 3.3885071607485597e-09 4.0
16.0 1.0 2 -7.436338035102711e-08 -0.009384276550586237 -0.005513504130919888 -0.0072125815950427555 0.0
16.0 2.0 2 -1.3316545865564245e-07 -0.02345580719083573 -0.011416984811571732 -0.016427999358580036 0.0
16.0 3.0 2 7.96089852313123e-08 -0.04686017661546315 -0.01889252047341496 -0.02964528360982008 1.0
16.0 4.0 2 1.0183482306245761e-07 -0.09173237430823743 -0.02979965454008826 -0.05318655223385712 1.0
16.0 5.0 2 2.2387901343887904e-07 -0.07216307375213035 -0.05776106774105753 -0.06287451250965345 1.0
16.0 6.0 2 4.037148354206561e-07 -0.0333973825073743 -0.02180196466301862 -0.02587398349377846 1.0
16.0 7.0 2 -1.5714548597949483e-07 0.028100939593757923 0.029884165211807024 0.02994215486280279 3.0
16.0 8.0 0     
16.0 9.0 0     
16.0 10.0 0     
16.0 11.0 0     
16.0 12.0 0     
16.0 13.0 0     
16.0 14.0 0     
16.0 15.0 0     
16.0 16.0 0     
16.0 17.0 0     
16.0 18.0 0     
16.0 19.0 0     
16.0 20.0 0     
16.0 21.0 0     
16.0 22.0 0     
16.0 23.0 0     
16.0 24.0 0     
16.0 25.0 0     
16.0 26.0 0     
16.0 27.0 0     
16.0 28.0 0     
16.0 29.0 0     
16.0 30.0 0     
